2023/04/28（金）第2回战
松ヶ瀬隆弥 vs 渋川難波 vs 黒沢咲 vs 小林剛
松ヶ瀬 6.1pt; 渋川 59.5pt; 黒沢 -16.0pt; 小林 -49.6pt

/** NAGA度：松ヶ瀬 80.0; 渋川 80.0; 黒沢 80.0; 小林 80.0 */
/** 一致率：松ヶ瀬 70.0%; 渋川 70.0%; 黒沢 70.0%; 小林 70.0% */
/** 恶手率：松ヶ瀬 5.0%; 渋川 5.0%; 黒沢 5.0%; 小林 5.0% */
/** NAGA牌谱及分析详情：
https://naga.dmv.nico/htmls/053227e0e24c174441bd302c0f0f1680063eadbc24d0888148191b2f1673b517v2_2_2.html?tw=0
*/

/** 官方牌谱：
https://viewer.ml-log.jp/web/viewer?gameid=L001_S014_0012_02A
*/

/** 天凤牌谱：（未经双重校验）
https://tenhou.net/5/#json={"title":["22-23赛季 半决赛","2023/04/28（金）第2回战"],"name":["松ヶ瀬隆弥","渋川難波","黒沢咲","小林剛"],"rule":{"disp":"2023/04/28（金）第2回战","aka":1},"log":[[[0,0,0],[25000,25000,25000,25000],[16],[45],[11,12,13,13,15,16,28,29,36,37,38,41,43],[12,29,35,42,26,31,11,42,26,32],[43,28,41,60,60,60,"r38",60,60,60],[11,14,14,17,18,18,22,24,26,31,36,41,44],[31,39,33,42,32,15,25,36,45,19],[44,60,11,60,31,41,22,18,60,"r14"],[11,18,19,22,24,27,33,33,34,36,42,43,47],[37,19,52,24,45,38,27,47],[42,11,33,47,60,22,18,38],[13,13,14,16,17,18,22,22,23,31,34,44,44],["44p4444",43,46,24,45,41,"c222324",21,53],[31,60,60,34,60,60,13,60,60],["和了",[6800,-5800,0,0],[0,1,0,"30符3飜5800点","立直(1飜)","平和(1飜)","一盃口(1飜)"]]],[[0,1,0],[30800,19200,25000,25000],[32],[44],[11,11,14,15,16,19,19,25,28,33,36,42,47],[13,27,29,15,45,22,36,34,32,38,43,24,35,37,28],[28,36,60,27,25,33,60,60,60,16,42,13,22,19,43],[12,13,14,51,16,21,21,24,26,31,31,41,44],[47,12,17,39,23,24,35,16,22,26,22,43,19,27,21],[44,41,47,60,12,60,26,60,"r35",60,60,60,60,60],[11,12,13,15,18,19,21,26,27,33,37,38,47],[17,41,53,12,24,41,17,23,34,42,52,14,23,11],[21,60,47,60,60,15,60,60,41,60,27,26,60,"r52"],[16,25,31,32,32,33,34,37,38,42,43,45,46],[31,23,33,37,36,18,29,44,27,17,13,43,39,42],[42,43,46,45,37,25,23,29,44,"r27",60,60,60,60],["和了",[-2100,7300,-1100,-1100],[1,1,1,"30符3飜1000-2000点","立直(1飜)","門前清自摸和(1飜)","赤ドラ(1飜)"]]],[[1,0,0],[28700,25500,22900,22900],[27],[],[13,15,18,19,21,24,32,33,38,41,41,42,46],[29,47,19,38,34,12,33,16,37,13,43,39,33,29,36,51,33],[21,38,24,60,42,29,18,33,19,19,16,15,13,39,29,41,41],[14,15,17,21,21,23,23,29,34,34,39,43,43],[31,44,45,17,16,19,32,47,47,24,24,42,31,25,35,41,28,28],[60,39,29,14,60,15,60,19,"r45",60,60,60,60,60,60,60,60,60],[11,14,14,16,19,22,25,31,32,32,35,36,38],[23,53,44,12,36,17,15,12,37,45,25,11,43,14,16,35,52,17],[19,11,60,38,25,23,22,31,14,60,14,32,32,25,35,15,60,16],[12,18,21,22,26,26,27,27,37,37,41,45,47],[24,34,31,22,13,26,44,46,46,26,38,27,46,39,11,18,11],[41,21,60,47,18,34,45,60,13,24,22,22,26,60,38,60,26],["流局",[-1000,3000,-1000,-1000]]],[[1,1,1],[27700,27500,21900,21900],[15],[],[13,21,22,23,23,24,27,27,34,34,39,46,47],[39,42,11,47,33,11,25,18,19,28,44,32,23,35,38,19,36],[46,47,42,13,47,24,60,21,33,11,11,60,44,23,23,23,34],[16,17,17,22,23,24,26,26,31,32,36,44,45],[37,32,11,43,28,43,27,41,26,51,29,46,14,26,29,37,42,11],[45,44,60,60,17,60,26,31,60,"r41",60,60,60,60,60,60,60,60],[12,15,16,21,21,25,28,33,35,41,43,47,47],[27,46,37,12,52,14,38,33,34,32,13,42,44,41,21,31,37,19],[43,12,46,60,41,47,21,21,33,47,32,60,60,60,13,37,14,31],[12,14,15,16,17,17,19,22,33,36,36,38,39],[13,44,39,12,31,45,29,14,45,22,28,24,43,18,41,24,35],[39,60,60,22,12,60,60,38,17,45,17,31,14,14,13,43,41],["流局",[-1000,3000,-1000,-1000]]],[[1,2,2],[26700,29500,20900,20900],[44],[16],[11,15,16,22,23,23,23,33,34,35,42,43,43],[41,28,19,14,38,31,13,24,24,31,36,33,31],[11,42,60,22,41,60,38,43,43,13,14,16,60],[11,12,12,19,21,25,26,29,32,33,36,39,41],[18,53,43,22,28,13,17,32,39,18,42,29,29,"c313233"],[39,29,60,11,60,60,41,22,21,60,39,42,12,12],[14,17,19,22,27,27,33,34,38,41,46,46,47],[44,38,38,27,26,45,27,52,19,39,44,41,31,35],[60,22,47,14,17,19,45,"r41",60,60,60,60,60],[11,14,15,17,22,23,26,32,32,37,39,42,44],[21,43,46,13,45,21,37,51,34,24,16,37,24],[11,42,44,46,60,60,60,17,14,39,21,13,16],["和了",[-1500,-2800,8800,-1500],[2,2,2,"40符3飜1300-2600点","立直(1飜)","門前清自摸和(1飜)","赤ドラ(1飜)"]]],[[2,0,0],[25200,26700,28700,19400],[47],[28],[12,13,15,17,18,23,24,26,31,31,34,34,53],[13,27,25,46,46,38,47,42,27,43],[34,15,13,60,60,60,60,60,60,17],[16,18,19,23,24,25,28,28,33,38,41,42,46],[14,11,29,26,41,51,16,16,19,46],[42,41,46,11,60,29,19,38,60,60],[12,14,22,28,29,35,36,37,39,42,42,45,47],[35,23,13,21,18,22,41,31,45,17,44],[22,60,47,60,39,60,60,18,31,60,60],[15,15,17,19,22,25,52,32,34,36,38,39,44],[14,27,34,36,19,26,35,37,12,37,13],[44,39,19,22,60,17,15,25,60,"r32"],["和了",[-3000,-3000,-6000,13000],[3,3,3,"跳満3000-6000点","立直(1飜)","門前清自摸和(1飜)","平和(1飜)","断幺九(1飜)","一発(1飜)","赤ドラ(1飜)"]]],[[3,0,0],[22200,23700,22700,31400],[37],[12],[16,17,18,22,22,23,28,33,34,35,41,44,47],[14,25,15,46,39,37,19,23,33,34,"c242325",19,32],[41,47,28,60,60,60,44,60,60,34,19,33,60],[11,11,17,26,26,27,29,29,36,38,38,41,46],[53,21,32,17,33,22,14,12,43,11,43,13,41],[41,60,60,36,46,60,60,27,33,60,"r12",60,60],[13,15,16,16,17,18,24,25,26,27,39,43,46],[36,23,36,45,11,44,37,39,14,21,45,31,16],[39,43,13,46,60,60,45,60,"r37",60,60,60,60],[51,18,24,24,24,25,27,28,29,38,41,42,46],[35,26,45,42,34,32,43,44,15,52,36,33,38,22],[42,41,18,60,46,60,60,45,38,44,"r24",60,60,60],["和了",[0,0,6900,-3900],[2,3,2,"30符3飜3900点","立直(1飜)","平和(1飜)","断幺九(1飜)"]]],[[4,0,0],[22200,22700,28600,26500],[51],[18],[12,21,24,26,27,29,29,34,35,36,41,42,45],[28,22,11,11,13,28,46,22,45,22,37],[42,45,60,60,41,13,12,46,60,21,60],[12,14,15,16,18,18,19,21,23,24,26,34,42],[23,44,16,36,18,52,36,14,46,47,17],[42,60,19,12,21,16,60,60,"r60",60,60],[13,13,17,28,29,35,53,38,38,39,43,45,47],[36,37,41,29,43,34,17,34,31,15,19],[43,45,60,47,60,28,36,"r37",60,60,60],[15,16,17,21,28,31,32,33,42,43,43,45,46],[38,25,24,47,37,25,23,32,38,44,35],[42,21,45,46,28,60,"r47",60,60,60,60],["和了",[0,15000,0,-12000],[1,3,1,"跳満12000点","立直(1飜)","断幺九(1飜)","三色同順(2飜)","赤ドラ(1飜)","ドラ(1飜)"]]],[[5,0,0],[22200,36700,27600,13500],[33],[],[11,12,17,17,19,19,23,29,31,34,36,36,45],[14,15,41,33,46,15,27,43,12,11,32,36,28,"c161415",22,18,42],[31,29,60,11,60,12,60,60,60,60,19,15,45,19,28,60,60],[13,13,18,24,25,27,28,31,35,38,39,42,47],[51,33,21,38,47,36,44,33,22,53,27,22,"3838p38",43,23,12,46,41,46],[47,42,60,18,60,39,60,13,60,31,51,60,13,35,43,60,60,60,60],[13,19,21,21,23,24,52,26,32,34,43,45,47],[46,29,16,27,11,37,17,12,18,42,44,38,37,39,28,26,24,19,23],[19,43,29,46,45,60,13,60,11,60,47,60,44,60,21,21,28,18,19],[21,25,26,28,32,34,35,35,37,41,43,44,45],[16,29,41,38,32,47,34,44,39,17,16,45,31,16,39,22,"c181617",42],[41,21,44,41,45,35,28,29,44,47,60,60,35,60,60,60,43,60],["流局",[3000,-1000,-1000,-1000]]],[[6,1,0],[25200,35700,26600,12500],[41],[],[15,18,21,22,25,27,28,29,36,36,37,39,43],[29,45,34,42,11,26,11,32,14,15,17,14,12,26,45,27,47,19],[60,60,15,25,18,29,39,22,21,36,60,60,14,15,11,11,60,60],[16,18,19,21,22,25,27,27,31,35,37,37,39],[24,41,35,34,13,14,22,33,28,32,"c171618",26,41,46,39,44,13,23],[31,19,21,41,60,22,60,39,35,35,14,27,60,60,60,60,60],[11,23,24,25,29,29,31,31,32,33,38,44,47],[24,41,16,11,19,28,18,34,22,12,33,42,51,43,42,52,16,43],[44,11,31,60,60,60,47,38,41,60,16,18,60,31,33,22,60,33],[12,13,18,21,21,23,24,32,37,38,45,45,46],[47,36,13,17,35,17,42,38,34,15,38,16,44,31,44,"c222324",19,46],[18,32,60,47,17,60,35,60,60,60,60,60,21,60,46,21,60,60],["和了",[-600,2300,-1100,-600],[1,1,1,"30符2飜500-1000点","断幺九(1飜)","海底摸月(1飜)"]]],[[7,0,0],[24600,38000,25500,11900],[12],[],[13,14,16,24,26,28,31,32,37,38,39,39,41],[19,46,36,16,22,12,46,43,19,21,37,41,36,"c252426",19,29,38,37],[41,19,16,60,46,28,60,60,60,60,60,60,60,22,60,60,60,60],[16,17,18,21,23,26,27,27,27,28,32,46,47],[13,11,42,29,34,24,29,47,22,16,41,42,13,14,31,28,15,36],[46,47,60,32,60,21,60,29,47,60,60,60,11,60,60,60,18,60],[14,17,21,25,32,32,33,33,34,38,41,44,45],[39,17,18,12,18,31,23,51,11,15,33,11,23,25,22,24,31],[21,41,44,45,38,39,18,18,12,11,15,60,31,60,25,34,60],[13,22,25,26,28,34,35,53,38,39,42,44,45],[23,52,35,15,43,19,46,43,34,47,42,36,47,27,12,37,35,26],[44,42,45,39,38,60,43,60,28,60,60,46,60,25,15,34,34,22],["流局",[1500,1500,-1500,-1500]]]]}
*/

/** 東1局0本场 供托0点 松ヶ瀬 5800 ← 渋川 */
/** 東1局1本场 供托0点 渋川 1000/2000 */
/** 東2局0本场 供托0点 （流局）渋川 3000 */
/** 東2局1本场 供托1000点 （流局）渋川 3000 */
/** 東2局2本场 供托2000点 黒沢 1300/2600 */
/** 東3局0本场 供托0点 小林 3000/6000 */
/** 東4局0本场 供托0点 黒沢 3900 ← 小林 */
/** 南1局0本场 供托0点 渋川 12000 ← 小林 */
/** 南2局0本场 供托0点 （流局）松ヶ瀬 3000 */
/** 南3局1本场 供托0点 渋川 500/1000 */
/** 南4局0本场 供托0点 （流局）松ヶ瀬·渋川 1500 */
